85.29141, 
85.29141, 
83.85432, 
83.85432, 
80.95943, 
80.95943, 
88.24732, 
91.53084, 
91.53084, 
91.68761, 
85.14307, 
88.62337, 
88.62337, 
96.53255, 
96.53255, 
87.67514, 
87.67514, 
94.53678, 
81.42348, 
81.42348, 
81.51539, 
81.51539, 
85.46179, 
83.17772, 
93.20791, 
95.72529, 
95.72529, 
117.7383, 
117.7383, 
84.549, 
87.85031, 
87.85031, 
91.45932, 
91.68388, 
91.68388, 
106.4631, 
106.4631, 
84.7725, 
95.35265, 
95.26318, 
95.26318, 
82.27197, 
93.42286, 
87.1141, 
87.1141, 
84.04251, 
98.00048, 
98.00048, 
87.26336, 
106.5739, 
106.5739, 
98.1129, 
98.1129, 
95.01759, 
86.14619, 
86.14619, 
80.05116, 
80.05116, 
82.25999, 
82.25999, 
97.85629, 
97.85629, 
87.25767, 
93.71394, 
93.71394, 
