87.90939, 
87.90939, 
103.4268, 
101.6065, 
101.6065, 
89.81352, 
86.17155, 
89.10719, 
89.10719, 
85.73533, 
85.73533, 
86.43326, 
84.96719, 
90.47935, 
87.19414, 
87.19414, 
83.8994, 
83.8994, 
87.96682, 
87.96682, 
84.48257, 
83.87003, 
83.87003, 
89.55281, 
83.52071, 
94.16969, 
80.34269, 
80.34269, 
89.42418, 
87.03771, 
81.33401, 
84.59687, 
48.48912, 
88.1767, 
88.1767, 
90.2887, 
90.72534, 
90.43542, 
81.39215, 
86.67865, 
83.82441, 
85.40331, 
85.06695, 
85.06695, 
85.22114, 
88.23515, 
88.23515, 
103.2134, 
84.67964, 
84.67964, 
90.67802, 
87.10509, 
82.01491, 
82.01491, 
85.08246, 
85.08246, 
85.62636, 
93.80379, 
93.80379, 
85.94337, 
85.94337, 
90.00056, 
90.34216, 
90.34216, 
91.31342, 
91.31342, 
86.28826, 
88.51878, 
88.51878, 
83.86844, 
83.86844, 
92.68058, 
92.68058, 
90.68943, 
88.72382, 
88.72382, 
84.69159, 
16.80753, 
88.3442, 
88.3442, 
84.69532, 
84.69532, 
84.70143, 
91.59512, 
84.39094, 
84.39094, 
93.51414, 
93.51414, 
92.76331, 
92.76331, 
83.77051, 
85.28106, 
85.28106, 
83.11783, 
87.35404, 
95.32867, 
90.23492, 
90.23492, 
94.68848, 
83.60359, 
83.60359, 
87.13571, 
87.53278, 
87.53278, 
39.2928, 
83.05514, 
83.05514, 
10.16323, 
87.26787, 
87.26787, 
92.19958, 
88.36392, 
88.36392, 
87.87862, 
87.87862, 
83.30566, 
92.87041, 
86.22275, 
92.53637, 
92.53637, 
90.28234, 
68.41727, 
92.41838, 
92.41838, 
86.98522, 
87.0751, 
87.0751, 
87.51936, 
85.57444, 
84.49251, 
86.26376, 
89.04177, 
87.31216, 
87.31216, 
88.11657, 
83.24747, 
86.34321, 
89.00581, 
96.91567, 
96.91567, 
84.02369, 
96.26488, 
82.29142, 
82.29142, 
83.11876, 
89.7813, 
84.02649, 
91.37767, 
91.37767, 
89.20508, 
71.17567, 
92.14699, 
92.14699, 
90.13242, 
87.24905, 
87.24905, 
92.64005, 
92.64005, 
84.06628, 
88.1325, 
6.564905, 
88.6021, 
88.6021, 
93.83865, 
93.83865, 
91.2174, 
75.80785, 
75.80785, 
86.50934, 
86.50934, 
88.24297, 
88.24297, 
93.31038, 
89.26876, 
89.83335, 
88.64071, 
88.64071, 
95.60038, 
95.60038, 
90.50819, 
90.50819, 
83.73544, 
87.4636, 
87.81931, 
91.64803, 
92.2002, 
92.2002, 
92.88803, 
91.32107, 
91.32107, 
84.18051, 
94.94592, 
85.66442, 
85.66442, 
86.68184, 
86.32473, 
86.32473, 
85.043, 
84.58109, 
103.629, 
103.629, 
82.97268, 
90.36018, 
90.36018, 
95.08469, 
88.5141, 
84.58457, 
84.58457, 
87.54814, 
85.74599, 
85.74599, 
88.77455, 
85.09201, 
96.16682, 
104.3838, 
104.3838, 
85.65847, 
86.98587, 
83.46335, 
83.46335, 
89.2278, 
89.2278, 
88.14622, 
85.42371, 
87.535, 
88.90107, 
87.23248, 
87.23248, 
86.29324, 
86.29324, 
86.70155, 
86.70155, 
82.40022, 
84.45193, 
94.01325, 
91.71558, 
84.7778, 
84.7778, 
95.01108, 
84.84098, 
93.3063, 
93.3063, 
90.45432, 
84.65499, 
85.84016, 
83.32413, 
86.40009, 
31.94022, 
88.20049, 
87.61494, 
85.41579, 
93.05611, 
93.05611, 
89.39384, 
86.28128, 
86.28128, 
83.63544, 
98.2709, 
88.6698, 
88.6698, 
86.96371, 
88.04884, 
85.16315, 
87.22852, 
89.08313, 
89.08313, 
89.89481, 
89.89481, 
82.46117, 
82.46117, 
81.93754, 
86.29408, 
84.42824, 
84.42824, 
86.30336, 
86.30336, 
82.29868, 
82.29868, 
84.79023, 
87.05537, 
85.48696, 
85.48696, 
89.38883, 
83.03275, 
89.13641, 
93.67982, 
83.83012, 
83.83012, 
94.05441, 
94.05441, 
85.60358, 
85.60358, 
87.00819, 
92.43345, 
92.43345, 
107.5287, 
85.37083, 
91.02748, 
91.02748, 
102.1852, 
81.28727, 
85.17811, 
85.60066, 
91.11063, 
91.11063, 
80.13742, 
80.13742, 
91.82001, 
85.84904, 
85.84904, 
85.08239, 
84.83474, 
16.08355, 
93.21023, 
83.68073, 
83.68073, 
83.66846, 
87.17815, 
87.17815, 
82.38232, 
82.38232, 
91.2317, 
92.82515, 
92.82515, 
84.96305, 
95.53432, 
92.84653, 
86.08195, 
86.16486, 
